Kepler = 15.531, 0.100
Teff = 5636.4, 71.1
feh = 0.14, 0.14
logg = 4.437, 0.076
parallax = 0.6392911285453006, 0.028824633073537706