Teff = 	5636.400000000001	71.10000000000001
feh = 	0.14	0.14
logg = 	4.437	0.076