Kepler = 15.048, 0.100
Teff = 4893.3, 74.7
feh = 0.14, 0.14
logg = 4.566, 0.032
parallax = 1.9204881696544884, 0.025328381637368266