Kepler = 12.888, 0.100
Teff = 5491, 100
feh = 0.17, 0.06
logg = 4.46, 0.10
parallax = 2.8446094280496306, 0.013371565