Kepler = 10.560, 0.100
Teff = 6344.5, 72.7
feh = -0.04, 0.09
logg = 4.246, 0.027
parallax = 3.857983396343562, 0.03458977970504244