Kepler = 14.822, 0.100
Teff = 5751.8, 69.2
feh = 0.14, 0.14
logg = 4.252, 0.12
parallax = 0.6530370485486211, 0.017612876